Branch[1277]:F: "TIMEOUT"
Branch[19032]:F: [ 1, 1, 2, 2, 2, 3, 3, 6, 7, 14 ]
Branch[19035]:F: [ 17, 168, 213, 327, 457, 1101, 1219 ]
Branch[19574]:F: [ 2, 3, 4, 4, 7, 7, 11, 16, 31, 43 ]
Branch[19595]:F: "TIMEOUT"
Branch[19609]:F: "TIMEOUT"
Branch[19617]:F: [ 1, 4, 4, 10, 12, 22, 26, 27, 29, 38 ]
Branch[19655]:F: [ 1, 4, 6, 7, 10, 13, 15, 20, 23, 25 ]
Branch[19688]:F: [ 3, 6, 8, 9, 11, 11, 12, 15, 21, 30 ]
Branch[19721]:F: [ 1, 2, 2, 3, 6, 6, 8, 11, 25, 41 ]
Branch[19754]:F: [ 1, 2, 4, 7, 14, 17, 19, 22, 25, 40 ]
Branch[19787]:F: [ 1, 1, 2, 4, 6, 9, 10, 11, 21, 47 ]
Branch[19820]:F: [ 2, 2, 3, 3, 3, 10, 37, 37, 38, 39 ]
Branch[19892]:F: "TIMEOUT"
Branch[20029]:F: [ 1, 1, 1, 1, 1, 2, 2, 4, 5, 8 ]
Branch[20035]:F: "TIMEOUT"
Branch[20054]:F: [ 1, 1, 2, 3, 3, 5, 5, 7, 9, 12 ]
Branch[20282]:F: [ 1, 2, 2, 3, 5, 7, 8, 11, 14, 31 ]
Branch[286]:T: [ 1, 1, 3, 3, 3, 3, 4, 5, 5, 5 ]
Branch[288]:T: [ 1, 1, 1, 1, 2, 2, 3, 4, 6, 8 ]
